
strategic_region={
	id=105
	name="STRATEGICREGION_105"
	provinces={
		11400 11403 11407 11409 11410 11411 11413 11414 11418 11420 11423 11426 11428 11429 11430 11432 11433 11435 11438 11441 11442 11443 11447 11448 11450 11451 11455 11456 11464 11467 11468 11470 11471 11472 11475 11476 11477 11478 11479 11482 11484 11486 11487 11489 11491 11497 11501 11502 11507 11509 11512 11515 11516 11518 11520 11523 11524 11530 11531 11535 11543 11545 11546 11547 11549 11551 11552 11553 11556 11560 11563 11564 11567 11571 11573 11574 11580 11582 11585 11587 11593 11594 11596 11597 11602 11609 11610 11612 11615 11616 11618 11620 11623 11625 11626 11627 11628 11637 11643 11644 11645 11647 11652 11655 11656 11662 11668 11670 11671 11673 11675 11678 11679 11683 11685 11687 11689 11691 11692 11693 11695 11696 11697 11701 11705 11709 11710 11711 11718 11720 11722 11727 11728 11735 11740 11745 11747 11752 11755 11759 11761 11766 11769 11770 11773 11775 11776 11782 11783 11785 11788 11790 11791 11792 11793 11794 11795 11797 11798 11800 11806 11809 11811 11812 11813 11817 11818 11824 11828 11829 11832 11833 11838 11840 11842 11845 11848 11850 11851 11853 11861 11866 11867 11868 11870 11871 11875 11878 11879 11883 11884 11886 11889 11892 11893 11897 11899 11901 11904 11906 11911 11913 11914 11919 11924 11925 11926 11927 11928 11934 11940 11941 11942 11948 11950 11952 11954 11964 11965 11967 11976 11978 11979 11988 11993 11994 11995 11996 12000 12001 12004 12006 12010 12011 12013 12018 12019 12024 12027 12030 12031 12039 12041 12042 12045 12047 12049 12057 12060 12061 12070 12073 12079 12081 12086 12090 12091 12097 12098 12102 12103 12107 12110 12111 12112 12113 12117 12120 12121 12132 12133 12136 12137 12146 12149 12152 12162 12164 12165 12167 12178 12182 12189 12192 12194 12195 12199 12203 12205 12213 12224 12229 12232 12233 12236 12238 12241 12250 12251 12256 12258 12259 12266 12268 12270 12278 12279 12288 12289 12294 12300 12301 12309 12313 12317 12319 12323 12324 12327 12330 12333 12336 12341 12348 12356 12357 12361 12364 12368 12376 12381 12387 12388 12391 12393 12396 12399 12401 12406 12411 12413 12418 12423 12428 12434 12443 12449 12450 12451 12453 12458 12465 12466 12471 12475 12477 12482 12483 12497 12504 12505 12508 12537 12547 12557 12559 12562 12563 12579 12581 12584 12586 12590 12592 12594 12598 12599 12603 12605 12606 12617 12618 12620 12622 12629 12636 12637 12640 12642 12643 12646 12658 12661 12672 12682 12687 12704 12706 12707 12708 12709 12716 12717 12721 12722 12724 12728 12731 12732 12739 12745 12753 12755 12757 12764 12765 12766 12777 12793 12794 12815 12820 12822 12837 12838 12840 12842 12844 12854 12855 12866 12867 12870 12876 12878 12899 12915 12916 12921 12925 12926 12927 12945 12950 12952 12955 12968 12971 12972 12976 12978 12982 12992 12993 12995 13001 13002 13005 13014 13029 13034 13036 13038 13041 13042 13052 13058 13060 13070 13072 13074 13075 13076 13079 13093 13096 
	}
	naval_terrain=water_deep_ocean
	weather={
	}
}
