
strategic_region={
	id=107
	name="STRATEGICREGION_107"
	provinces={
		11393 11395 11398 11401 11402 11404 11405 11406 11408 11415 11419 11422 11425 11427 11431 11434 11437 11445 11446 11449 11453 11457 11458 11459 11462 11466 11469 11474 11480 11483 11485 11488 11490 11493 11495 11496 11498 11500 11503 11505 11506 11511 11513 11514 11521 11525 11526 11528 11529 11532 11536 11537 11538 11544 11554 11555 11558 11559 11561 11562 11565 11566 11568 11569 11570 11572 11575 11579 11581 11583 11584 11590 11600 11604 11605 11606 11607 11608 11614 11617 11624 11630 11632 11633 11638 11639 11641 11646 11648 11650 11651 11653 11660 11661 11663 11667 11676 11682 11699 11700 11702 11703 11707 11712 11714 11715 11719 11721 11725 11730 11731 11732 11734 11737 11738 11739 11743 11744 11748 11749 11750 11751 11757 11762 11763 11768 11771 11772 11774 11777 11779 11780 11784 11786 11796 11799 11802 11804 11805 11807 11810 11814 11819 11820 11821 11825 11827 11831 11835 11836 11841 11843 11854 11856 11858 11859 11862 11865 11869 11872 11874 11876 11887 11888 11891 11894 11898 11900 11905 11907 11908 11909 11910 11912 11915 11920 11922 11932 11935 11936 11937 11946 11949 11951 11959 11960 11961 11969 11971 11972 11973 11975 11980 11982 11984 11985 11987 11997 11998 12012 12014 12015 12017 12020 12021 12023 12025 12026 12028 12029 12032 12040 12044 12046 12048 12050 12053 12054 12056 12065 12066 12067 12071 12074 12076 12078 12083 12085 12087 12088 12093 12096 12114 12116 12118 12122 12123 12126 12127 12128 12131 12140 12145 12148 12151 12153 12154 12157 12160 12169 12170 12171 12172 12181 12191 12197 12200 12207 12208 12209 12211 12218 12219 12221 12222 12225 12227 12239 12243 12262 12265 12267 12274 12275 12276 12280 12284 12292 12293 12308 12311 12318 12342 12343 12349 12350 12355 12359 12362 12363 12371 12372 12373 12374 12378 12379 12386 12394 12397 12400 12402 12405 12409 12410 12412 12415 12416 12417 12420 12424 12426 12432 12436 12439 12444 12448 12456 12459 12464 12467 12472 12473 12480 12489 12491 12501 12503 12518 12523 12527 12528 12529 12543 12549 12550 12554 12556 12560 12565 12567 12568 12569 12572 12574 12583 12587 12600 12609 12610 12612 12616 12625 12628 12630 12632 12638 12645 12653 12657 12664 12665 12667 12669 12673 12676 12685 12688 12690 12705 12710 12711 12726 12735 12736 12760 12763 12772 12773 12776 12787 12788 12790 12791 12797 12798 12799 12804 12807 12809 12810 12818 12819 12821 12839 12843 12851 12860 12868 12877 12881 12885 12888 12903 12905 12906 12907 12908 12917 12919 12932 12933 12934 12947 12954 12962 12964 12980 12983 12989 12994 12997 13000 13004 13013 13018 13020 13026 13031 13039 13050 13057 13062 13064 13078 13080 13082 13092 
	}
	weather={
	}
}
