
strategic_region={
	id=2
	name="STRATEGICREGION_2"
	provinces={
		44 69 166 219 306 321 336 385 389 394 396 450 570 598 609 654 685 740 866 891 914 935 1057 1104 1113 1228 1232 1257 1263 1382 1394 1426 1453 1456 1530 1574 1603 1725 1745 1816 1853 1915 1946 2019 2056 2141 2165 2233 2242 2286 2297 2344 2372 2404 2416 2546 2567 2583 2592 2610 2643 2652 2742 2796 2933 2940 2957 3080 3122 3165 3269 3289 3323 3326 3351 3389 3394 3403 3488 3508 3612 3730 3744 3761 3811 3855 3956 4094 4154 4194 4258 4340 4367 4400 4538 10681 10693 10694 10710 10717 10718 10722 10732 10752 10755 10759 10774 10783 10788 10789 10797 10805 10817 10818 10821 10853 10873 10884 10887 10888 10889 10893 10904 10905 10912 10920 10924 10931 10941 10946 10952 10957 10958 10959 10967 10970 10976 10977 10978 10983 10989 10995 10996 10997 11010 11011 11012 11021 11022 11023 11024 11032 11040 11045 11049 11050 11056 11057 11062 11063 11068 11072 11079 11083 11090 11096 11097 11101 11102 11114 11115 11119 11130 11131 11133 11141 11142 11143 11144 11149 11150 11152 11153 11159 11160 11161 11165 11167 11168 11173 11177 11183 11184 11185 11190 11196 11198 11200 11202 11204 11205 11206 11207 11211 11217 11218 11222 11223 11226 11227 11232 11233 11239 11243 11246 11247 11248 11255 11256 11259 11260 11264 11266 11267 11269 11270 11272 11274 11278 11279 11280 11281 11285 11286 11287 11289 11291 11292 11294 11296 11297 11299 11300 11302 11303 11306 11308 11310 11312 11313 11314 11317 11319 11325 11326 11329 11331 11332 11333 11338 11339 11342 11344 11345 11347 11351 11356 11359 11362 
	}
	weather={
	}
}
