
strategic_region={
	id=20
	name="STRATEGICREGION_20"
	provinces={
		174 230 292 339 348 471 526 548 640 663 695 742 787 901 910 928 1012 8283 8293 1024 1036 1071 1097 1133 1226 1288 1325 1362 1370 1374 1518 1528 1540 1573 1601 1632 1652 1680 1733 1779 1801 1810 1862 1983 1991 2016 2083 2117 2132 2176 2219 2276 2328 2420 2499 2504 2506 2526 2557 2570 2582 2686 2729 2737 2856 2939 2953 3018 3105 3120 3134 3137 3141 3158 3161 3169 3189 3207 3256 3270 3302 3380 3413 3416 3466 3483 3499 3566 3598 3610 3631 3648 3671 3672 3707 3731 3773 3886 3980 4000 4027 4060 4062 4112 4119 4140 4297 4305 4382 4403 4471 4490 4493 4514 4540 8267 8290 8306 8317 8321 8325 8342 8347 8362 8370 8377 8378 8383 8385 8389 8394 8395 8410 8411 8416 8417 8421 8423 8428 8433 8435 8436 8437 8438 8440 8452 8456 8464 8467 8471 8475 8479 8487 8492 8493 8498 8499 8501 8505 8507 8511 8518 8522 8529 8532 8535 8538 8539 8545 8552 8559 8577 8578 8583 8584 8592 8600 8615 8619 8620 8623 8633 8643 8650 8651 8654 8658 8662 8663 8664 8668 8670 8681 8685 8690 8696 8697 8700 8701 8705 8715 8720 8721 8726 8727 8736 8737 8743 8752 8757 8764 8765 8772 8776 8787 8788 8789 8794 8803 8807 8818 8820 8821 8829 8830 8835 8845 8846 8849 8855 8861 8866 8878 8879 8890 8906 8907 8914 8938 8943 8955 8960 8968 8977 8985 8986 8996 8999 9000 9005 9009 9010 9016 9030 9041 9048 9049 9059 9062 9094 9104 9129 9132 9138 9161 9170 9178 
	}
	weather={
	}
}
