
strategic_region={
	id=47
	name="STRATEGICREGION_47"
	provinces={
		284 327 386 398 567 586 733 861 1436 1777 2077 2204 2291 2382 2541 2783 2814 2864 3384 3402 3818 3910 4004 4182 4219 4236 4464 4515 4544 10274 10292 10309 10310 10313 10314 10323 10324 10333 10358 10359 10363 10367 10375 10384 10385 10390 10399 10404 10409 10417 10423 10424 10425 10432 10433 10438 10439 10450 10456 10457 10458 10464 10467 10476 10480 10482 10484 10485 10494 10496 10502 10510 10513 10522 10528 10529 10536 10550 10551 10552 10564 
	}
	weather={
	}
}
