
strategic_region={
	id=5
	name="STRATEGICREGION_5"
	provinces={
		169 318 372 373 395 546 666 753 886 1072 1246 1273 1418 1460 1471 1476 1478 1548 1576 1614 1618 1626 1840 1990 2027 2091 2340 2365 2370 2417 2425 2597 2725 2764 2813 2855 2860 2878 2911 2985 3051 3144 3148 3151 3194 3227 3241 3469 3520 3623 3639 3644 3869 3901 3906 3946 3961 3998 4048 4053 4080 4104 4121 4206 4240 4270 4291 4479 4507 10497 10514 10517 10530 10539 10546 10553 10560 10565 10569 10585 10586 10608 10609 10621 10622 10623 10644 10645 10655 10661 10662 10672 10673 10685 10695 10699 10704 10705 10711 10719 10723 10724 10728 10737 10742 10743 10744 10745 10746 10747 10756 10760 10763 10764 10765 10775 10780 10781 10784 10790 10791 10792 10793 10810 10811 10822 10829 10830 10837 10842 10846 10855 10856 10860 10870 10878 10879 10894 10895 10900 10906 10907 10915 10916 10921 10922 10925 10932 10933 10947 10948 10954 10960 10968 10986 10990 10998 11001 11025 11026 11041 11046 11058 11069 11080 11098 
	}
	weather={
	}
}
