
strategic_region={
	id=51
	name="STRATEGICREGION_51"
	provinces={
		87 160 285 315 515 556 643 689 739 872 913 1003 1014 1035 1089 1149 1231 1281 1286 1354 1358 1452 1465 1558 1560 1578 1730 1738 1768 1790 1874 1944 1948 1965 1978 2038 2124 2135 2247 2412 2564 2586 2777 2889 3046 3050 3053 3208 3229 3242 3245 3247 3266 3280 3290 3334 3378 3407 3461 3532 3643 3748 3765 3860 3866 3938 3952 3996 4066 4161 4241 4262 4478 4541 8956 8993 9003 9014 9045 9051 9061 9086 9087 9098 9123 9124 9125 9164 9165 9194 9195 9211 9223 9230 9231 9237 9249 9259 9269 9275 9284 9297 9313 9322 9330 9349 9360 9361 9364 9375 9379 9388 9389 9396 9397 9411 9414 9415 9435 9436 9439 9455 9456 9466 9477 9478 9479 9499 9502 9512 9513 9514 9524 9540 9548 9558 9562 9563 9572 9579 9598 9616 9621 9626 9637 9644 9654 9656 9670 9671 9676 9677 9680 9700 9706 9720 9727 9728 9729 9757 9763 9780 9781 9805 9814 9826 9840 9854 9858 9879 9883 9884 9893 9894 9899 9904 9922 9931 9940 9952 9960 9977 9990 9998 9999 10004 10016 10035 10047 10054 10061 10062 10078 10106 10107 10135 10144 10147 10156 10179 10193 10208 10209 10228 
	}
	weather={
	}
}
