
strategic_region={
	id=53
	name="STRATEGICREGION_53"
	provinces={
		445 614 770 991 1189 1267 1492 1648 1651 1660 1675 1702 1704 1758 1771 1860 2054 2099 2102 2158 2697 2806 2848 2917 2927 3022 3130 3200 3259 3298 3348 3463 3470 3670 3993 4028 4220 4418 4489 4557 4559 4561 4566 4567 4569 4571 4576 4578 4579 4584 4585 4587 4590 4591 4595 4597 4599 4600 4602 4604 4605 4608 4609 4610 4611 4614 4615 4616 4618 4619 4623 4625 4628 4631 4632 4638 4639 4642 4643 4645 4646 4647 4648 4650 4651 4655 4656 4657 4658 4659 4660 4661 4662 4663 4664 4665 4666 4667 4668 4670 4672 4677 4680 4681 4689 4696 4698 4705 4707 4716 4725 4736 
	}
	weather={
	}
}
