
strategic_region={
	id=59
	name="STRATEGICREGION_59"
	provinces={
		17 366 619 674 709 798 906 953 990 1037 1499 1502 1506 1532 1551 1786 1831 2012 2258 2303 2401 2430 2457 2537 3074 3580 3629 3722 3732 3965 3973 4071 4081 4145 4301 4431 4468 6128 6130 6131 6140 6147 6160 6165 6166 6176 6177 6180 6181 6184 6185 6197 6198 6201 6204 6205 6209 6213 6221 6223 6224 6225 6230 6237 6240 6243 6244 6245 6246 6247 6255 6261 6269 6270 6271 6277 6287 6288 6295 6300 6301 6307 6310 6316 6320 6330 
	}
	weather={
	}
}
