
strategic_region={
	id=65
	name="STRATEGICREGION_65"
	provinces={
		48 89 167 256 399 468 537 596 697 715 786 796 887 929 974 1017 1023 1096 1125 1196 1552 1553 1563 1592 1595 1683 1715 1724 1760 1834 1867 1883 1954 1958 1985 2009 2073 2090 2186 2194 2207 2234 2323 2349 2351 2428 2437 2897 2914 2999 3167 3202 3257 3477 3511 3526 3565 3611 3621 3642 3658 3719 3720 3831 3872 3874 3912 3936 3974 4093 4100 4185 4193 4205 4298 4302 4321 4415 4473 4475 4532 4703 4706 4708 4718 4722 4724 4726 4730 4733 4734 4739 4742 4744 4746 4748 4749 4750 4754 4759 4760 4761 4762 4766 4767 4769 4771 4772 4774 4775 4777 4778 4779 4780 4781 4782 4786 4788 4791 4793 4794 4795 4798 4799 4802 4803 4804 4808 4809 4810 4814 4815 4819 4820 4821 4823 4824 4825 4826 4829 4830 4831 4834 4835 4838 4839 4841 4842 4843 4844 4845 4846 4849 4850 4851 4854 4855 4856 4857 4858 4861 4862 4863 4864 4867 4871 4876 4877 4878 4880 4883 4887 4889 4893 4906 4907 4924 4926 4929 4937 4941 4951 4957 4960 4970 4977 4978 4989 4990 5007 5017 5028 5042 5056 5071 5081 5104 5113 5130 5155 5164 5175 5194 5203 5216 5224 5243 5251 5257 5284 5306 5311 5320 5335 5347 5370 5403 5434 5459 5484 5506 
	}
	weather={
	}
}
