1 4 3954 11376 1395 11381 
1 3 2299 2924 3954 
1 4 4273 11371 940 2299 
1 3 2714 11368 4273 
1 2 4273 3880 
1 3 192 11341 513 
1 5 513 11354 11358 11363 3954 
2 2 11349 11354 
1 7 11316 4090 11334 3561 11327 11328 11341 
1 3 4462 1923 192 
1 5 620 11293 11290 3793 4462 
1 5 620 830 11324 11320 11331 
1 8 11331 11312 2286 11289 166 3761 1453 1263 
1 7 570 11286 1382 11294 321 11313 1263 
1 4 1456 3269 11264 570 
1 6 219 11292 11274 11264 11256 11247 
1 4 1456 4400 11177 11143 
1 3 11202 11233 1456 
1 2 3612 4400 
1 2 11202 11177 
1 4 11142 1853 1257 11143 
1 9 1745 10888 389 2742 10970 11011 11056 3394 11142 
1 3 10853 1946 1745 
1 4 11159 3122 450 11142 
1 10 11177 11144 1228 11097 11057 11012 10983 373 10922 10907 
1 9 11261 2217 11219 11189 11201 3751 11197 11203 1462 
1 9 4240 10622 10655 10695 4206 1576 10842 2985 10907 
1 8 10907 3520 3946 1246 10855 10856 1626 1840 
1 7 1840 1476 2543 1677 11127 11163 11189 
1 13 11177 11173 11153 11131 1113 1530 11115 415 11116 2106 11099 819 1677 
1 8 4240 1990 3151 10585 10565 395 2878 10517 
1 6 3991 11170 11192 11175 4267 1462 
1 6 11060 11092 4159 11122 11146 3991 
1 2 11147 11122 
1 3 11092 1495 11137 
1 4 3728 140 11208 11182 
1 9 1840 10822 3227 10794 1156 10733 1306 10689 10675 
1 2 10624 10675 
1 3 10635 3111 10624 
1 3 10580 10610 10635 
1 2 186 10580 
1 9 186 10652 904 10645 2091 10569 10553 2878 10504 
1 9 11060 11031 3153 10936 10 3637 10896 10862 10807 
1 4 10711 10747 10753 1156 
1 3 10771 2010 10675 
1 4 10771 10799 10785 10807 
1 10 1677 2575 11027 11002 4016 2047 71 434 10908 10807 
1 3 11107 11075 11031 
1 6 11086 11093 2050 11085 11076 11107 
1 7 3647 4158 11070 834 11043 201 11086 
1 5 11082 453 11118 11140 3647 
1 10 11095 2145 4031 11054 11013 11008 11036 11071 11104 11082 
1 5 11016 2230 11089 11088 11095 
1 10 10671 10692 656 10804 2969 10877 10919 10966 10994 11016 
1 3 1866 10883 10877 
1 15 656 10820 10823 1507 10824 1323 10721 3396 1002 4266 10602 356 10630 10667 10671 
1 12 4266 10620 2867 10557 10559 10579 1171 10575 10591 10600 1773 10692 
1 4 11008 11053 1859 11157 
1 4 11054 11094 11129 11148 
1 2 4158 11124 
1 2 2050 3839 
1 2 11076 3878 
1 10 1138 10247 10216 2648 3240 10113 3211 574 9967 9920 
1 5 10207 2915 10154 10143 3240 
1 7 2915 10206 10248 10291 10332 3213 10326 
1 6 10207 3805 242 10118 10140 1440 
1 11 1440 2996 10249 10282 10321 10322 10318 2964 10390 2783 10399 
1 8 2964 10308 10273 4236 3402 10358 4464 10399 
1 5 10358 4219 4182 10425 398 
1 5 4219 10359 10323 10324 10266 
1 6 4219 10333 10314 1436 10208 3334 
1 8 10273 10227 10192 3204 244 3104 2631 9921 
1 3 3204 4231 3866 
1 4 398 10439 10456 327 
1 3 398 10484 10494 
1 3 10494 327 10424 
1 15 10551 10564 10552 10536 10502 10480 586 10496 2291 10476 10485 10494 10510 10528 1777 
1 3 1777 3910 10551 
1 4 10444 801 10482 10502 
1 7 10482 10459 10410 3163 10341 10304 10254 
1 13 10480 10451 791 10376 10334 10293 10267 10209 1790 10106 10054 10016 9977 
1 3 386 284 791 
1 4 10250 10310 733 10376 
1 12 10444 10460 10440 1637 10406 10391 10346 3374 10236 3904 10161 10119 
1 7 10231 622 10260 4049 10347 10386 1637 
1 10 10231 1245 4453 10148 10108 10115 10159 10201 10243 634 
1 7 10504 3986 10477 3030 1273 10514 10517 
1 4 10504 3562 3640 3030 
1 9 10504 4507 3875 728 2845 10426 10395 3933 634 
1 3 3562 3527 2845 
1 3 10515 2216 2845 
