
state={
	id=120
	name="STATE_120"
	history={
		victory_points = {
			2207 5 
		}
		victory_points = {
			4880 3 
		}
	}
	provinces={
		48 399 887 974 1553 1592 1595 1715 1724 1760 1954 2207 2914 3257 3477 3511 3658 3720 3874 3936 4093 4193 4205 4298 4415 4473 4532 4774 4777 4781 4793 4795 4799 4802 4808 4809 4810 4814 4819 4825 4826 4830 4838 4839 4841 4845 4846 4857 4863 4867 4871 4876 4877 4878 4880 4883 4889 
	}
	manpower=1
	buildings_max_level_factor=1.000
	state_category=town
	local_supplies=0.000
}
