state={
	id=379
	name="STATE_379"
	provinces={
		573 673 778 966 1102 1154 1241 1304 1740 1838 1957 1975 2068 2098 2262 2293 2492 2598 2650 2851 3006 3478 3713 3812 4034 4214 4329 4357 4402 8503 8531 8550 8567 8568 8571 8572 8590 8596 8604 8605 8614 8617 8622 8627 8642 8649 8653 8657 8667 8677 8699 8729 8733 8734 8735 8749 8761 8762 8770 8781 8797 8801 8802 8817 8826 8827 8852 8873 8885 8888 8889 8921 8929 8959 8966 8976 8984 9004 9008 9113 
	}
	buildings_max_level_factor=1.000
        manpower=1
        state_category = town
}
