state={
	id=398
	name="STATE_398"
	provinces={
		548 640 695 1071 1133 1288 1325 1370 1573 1632 1801 1991 2176 2219 2276 2499 2504 2557 2686 2856 2953 3158 3169 3207 3302 3499 3671 3707 4060 4112 4305 4490 4493 4514 4540 8772 8776 8803 8818 8820 8829 8835 8845 8846 8855 8866 8878 8879 8906 8907 8914 8938 8943 8960 8977 8985 8986 8999 9005 9009 9016 9030 9048 9059 9062 9094 9104 9129 9132 9138 9161 9170 9178 
	}
	buildings_max_level_factor=1.000
        manpower=1
        state_category = town
}
