state={
	id=401
	name="STATE_401"
	provinces={
		68 139 436 520 762 836 1004 1141 1186 1443 1464 1565 1568 1579 1663 1849 1960 1964 2209 2256 2554 2619 2788 3060 3177 3198 3215 3375 3512 3537 3549 3685 4077 4085 4296 4517 8811 8833 8842 8844 8860 8872 8920 8928 8941 8954 8958 8965 8975 8980 8982 8998 9007 9015 9018 9023 9037 9038 9046 9047 9056 9057 9068 9069 9082 9089 9100 9109 9112 9127 9134 9150 9151 9156 9169 9183 9188 9189 9190 9203 9232 9233 9240 9241 9250 9260 9273 9292 9320 9420 
	}
	buildings_max_level_factor=1.000
        manpower=1
        state_category = town
}
