
state={
	id=80
	name="STATE_80"
	provinces={
		459 584 622 684 775 960 1098 1245 1292 1303 1342 1783 1928 2225 2270 2418 2525 2733 2873 2983 3116 3277 3347 3607 4049 4082 4395 4453 4545 9843 9895 9971 9978 9979 9985 10001 10019 10022 10026 10027 10028 10036 10041 10068 10070 10071 10079 10080 10093 10108 10115 10116 10126 10127 10141 10148 10159 10160 10162 10183 10184 10185 10200 10201 10202 10225 10229 10230 10231 10237 10242 10243 10244 10251 10260 10286 10287 10296 10305 10315 10347 10386 
	}
	manpower=1
	buildings_max_level_factor=1.000
	state_category=town
	local_supplies=0.000
}
